# wavelength [micron], EQE [1]
2.999999999999999889e-01,4.962850281938749244e-04
3.044088176352705566e-01,1.844124570330987235e-03
3.088176352705410688e-01,6.600600646803608806e-03
3.132264529058116365e-01,2.266705481325763383e-02
3.176352705410821486e-01,7.429861155741365741e-02
3.220440881763527163e-01,1.651787362748494137e-01
3.264529058116232285e-01,2.402512119461870654e-01
3.308617234468937962e-01,3.352107666583207801e-01
3.352705410821643084e-01,4.204128769902055751e-01
3.396793587174348761e-01,5.025618853316656809e-01
3.440881763527053883e-01,5.532728356729663677e-01
3.484969939879759560e-01,5.915811476196031204e-01
3.529058116232464681e-01,6.188593842153552460e-01
3.573146292585170358e-01,6.439970569713856507e-01
3.617234468937875480e-01,6.680882960403016213e-01
3.661322645290581157e-01,6.859615356171271383e-01
3.705410821643286834e-01,6.986868282431777377e-01
3.749498997995991956e-01,7.023118091388937945e-01
3.793587174348697078e-01,7.015155357875622055e-01
3.837675350701402754e-01,7.027274751410844678e-01
3.881763527054108431e-01,7.045950066796851097e-01
3.925851703406813553e-01,7.072262815197631891e-01
3.969939879759519230e-01,7.117140794499938750e-01
4.014028056112224352e-01,7.179735886955888047e-01
4.058116232464930029e-01,7.231983808643593914e-01
4.102204408817635151e-01,7.256556293369134103e-01
4.146292585170340828e-01,7.289112760299829574e-01
4.190380761523045949e-01,7.312967581381972781e-01
4.234468937875751626e-01,7.347805118449977080e-01
4.278557114228457303e-01,7.372528100536249740e-01
4.322645290581162425e-01,7.371044894443486983e-01
4.366733466933867547e-01,7.336254248653886201e-01
4.410821643286573224e-01,7.276221777281229874e-01
4.454909819639278901e-01,7.205149857856876228e-01
4.498997995991984022e-01,7.136589599313671872e-01
4.543086172344689144e-01,7.068115802380613433e-01
4.587174348697394821e-01,7.001858871718330546e-01
4.631262525050100498e-01,6.922389949693815714e-01
4.675350701402805620e-01,6.821452663475453537e-01
4.719438877755510742e-01,6.694227642323906657e-01
4.763527054108216419e-01,6.547367918513372631e-01
4.807615230460922096e-01,6.404481999603034437e-01
4.851703406813627772e-01,6.281877849911121636e-01
4.895791583166332894e-01,6.163548662478423035e-01
4.939879759519038016e-01,6.027727476669093587e-01
4.983967935871743693e-01,5.884616915322229413e-01
5.028056112224449370e-01,5.694785619561968382e-01
5.072144288577153937e-01,5.468319529973897364e-01
5.116232464929859614e-01,5.216773920805495290e-01
5.160320641282565290e-01,4.922003306595405525e-01
5.204408817635270967e-01,4.593334839391300939e-01
5.248496993987976644e-01,4.274470324618352413e-01
5.292585170340681211e-01,3.927503367227256348e-01
5.336673346693386888e-01,3.602563804573750139e-01
5.380761523046092565e-01,3.287763373789364119e-01
5.424849699398797132e-01,3.058467063651999496e-01
5.468937875751502808e-01,2.908765680946608922e-01
5.513026052104208485e-01,2.783464919949159566e-01
5.557114228456914162e-01,2.686331848849526915e-01
5.601202404809619839e-01,2.646900245088037451e-01
5.645290581162325516e-01,2.596393017468964226e-01
5.689378757515030083e-01,2.524790263455422012e-01
5.733466933867735760e-01,2.443509765917972476e-01
5.777555110220440326e-01,2.342035472644414806e-01
5.821643286573146003e-01,2.229874732239627011e-01
5.865731462925851680e-01,2.135565453500652411e-01
5.909819639278557357e-01,2.082832033926838022e-01
5.953907815631263034e-01,2.054187506481092718e-01
5.997995991983968711e-01,2.026054367078430340e-01
6.042084168336674388e-01,2.000469907946545445e-01
6.086172344689378955e-01,1.975459667565931943e-01
6.130260521042084632e-01,1.950088078672069236e-01
6.174348697394789198e-01,1.924753425095711012e-01
6.218436873747494875e-01,1.888335225535838213e-01
6.262525050100200552e-01,1.823572912032004889e-01
6.306613226452906229e-01,1.725426714587136312e-01
6.350701402805611906e-01,1.630429845715546944e-01
6.394789579158317583e-01,1.555439830072713470e-01
6.438877755511022150e-01,1.499335379176068017e-01
6.482965931863727826e-01,1.437792331452079075e-01
6.527054108216432393e-01,1.389480373042140116e-01
6.571142284569138070e-01,1.318884531392135739e-01
6.615230460921843747e-01,1.187374966447042879e-01
6.659318637274549424e-01,1.035388473227637218e-01
6.703406813627255101e-01,8.710027078297725989e-02
6.747494989979960778e-01,6.915642855706824466e-02
6.791583166332666455e-01,5.246720235956034428e-02
6.835671342685371021e-01,3.993010202033646372e-02
6.879759519038076698e-01,2.943426170677332018e-02
6.923847695390781265e-01,1.989633954987442277e-02
6.967935871743486942e-01,1.124493382448993675e-02
7.012024048096192619e-01,4.085936592273142938e-03
7.056112224448898296e-01,-2.091679225856356674e-16
7.100200400801603973e-01,-5.219777490375309890e-17
7.144288577154309650e-01,-1.562431839045654805e-16
7.188376753507014216e-01,-1.039415634484899253e-16
7.232464929859719893e-01,1.555933719843192737e-16
7.276553106212425570e-01,-4.140548535189581290e-16
7.320641282565130137e-01,-0.000000000000000000e+00
7.364729458917835814e-01,-5.154484436498866936e-17
7.408817635270541491e-01,-2.057601467801501138e-16
7.452905811623247168e-01,-3.080486005005471853e-16
7.496993987975952844e-01,2.562411055499246467e-16
7.541082164328658521e-01,1.023227632895858681e-16
7.585170340681363088e-01,4.085899565035295481e-16
7.629258517034068765e-01,-1.019794337559243685e-16
7.673346693386773332e-01,5.091200093892711850e-17
7.717434869739479009e-01,-3.419462337471656045e-21
7.761523046092184686e-01,2.538631040168445080e-16
7.805611222444890362e-01,-1.014129184490302225e-16
7.849699398797596039e-01,-3.684055621387290347e-20
7.893787575150301716e-01,-3.540187011484094266e-16
7.937875751503007393e-01,-1.512973286603996016e-16
7.981963927855711960e-01,3.551268378799722016e-16
8.026052104208416527e-01,4.904403835734220828e-17
8.070140280561122204e-01,2.542280112206646340e-16
8.114228456913827880e-01,1.475625966129203421e-16
8.158316633266533557e-01,-1.055092188325588103e-16
8.202404809619239234e-01,-2.910183301394782980e-16
8.246492985971944911e-01,-5.037833895815280792e-16
8.290581162324650588e-01,-3.075251776034238261e-16
8.334669338677356265e-01,1.006714625115474321e-16
8.378757515030059722e-01,-4.023728293770642044e-16
8.422845691382765398e-01,-2.056569565470890389e-16
8.466933867735471075e-01,1.505779716957970011e-16
8.511022044088176752e-01,1.860451388526089607e-16
8.555110220440882429e-01,-8.906164836108247280e-16
8.599198396793588106e-01,3.011389898885694359e-16
8.643286573146293783e-01,3.411055846213152517e-16
8.687374749498999460e-01,1.093465459289741369e-16
8.731462925851705137e-01,2.919536695982039614e-17
8.775551102204408593e-01,1.040511625534446581e-16
8.819639278557114270e-01,2.947341196001101433e-16
8.863727454909819947e-01,5.010234859449937400e-17
8.907815631262525624e-01,-1.673026068742529496e-16
8.951903807615231301e-01,-1.172793897827808053e-16
8.995991983967936978e-01,3.273777089092298113e-17
9.040080160320642655e-01,-1.113339096902851846e-16
9.084168336673348332e-01,-1.013657638840302110e-16
9.128256513026051788e-01,-1.786929968963758166e-16
9.172344689378757465e-01,1.048682850675183379e-17
9.216432865731463142e-01,-4.278292582603342431e-16
9.260521042084168819e-01,3.944646239068447370e-16
9.304609218436874496e-01,-2.722694966884531082e-16
9.348697394789580173e-01,3.433051231413724795e-17
9.392785571142285850e-01,-2.231086677398676870e-16
9.436873747494991527e-01,-1.996723528919176287e-16
9.480961923847697204e-01,2.992199572919733034e-16
9.525050100200400660e-01,-1.870122606692207251e-16
9.569138276553106337e-01,3.721117233286101704e-17
9.613226452905812014e-01,-9.645236630146152589e-17
9.657314629258517691e-01,1.993725401801609012e-16
9.701402805611223368e-01,-0.000000000000000000e+00
9.745490981963929045e-01,-2.853890767039035219e-16
9.789579158316634722e-01,1.262863792471191522e-16
9.833667334669340399e-01,-2.123871305092933927e-16
9.877755511022043855e-01,1.043802389643476221e-16
9.921843687374749532e-01,2.263711729745058044e-16
9.965931863727455209e-01,1.389320930237023051e-17
1.001002004008016089e+00,-3.975407072417253795e-16
1.005410821643286656e+00,-1.556513623206391870e-16
1.009819639278557224e+00,-4.280330524283684894e-17
1.014228456913827792e+00,1.562125200449321051e-16
1.018637274549098359e+00,-1.490250693638556911e-16
1.023046092184368927e+00,1.843365866952032681e-16
1.027454909819639273e+00,1.986700807487758674e-16
1.031863727454909840e+00,-1.427917275335551439e-16
1.036272545090180408e+00,-1.284536027150338330e-16
1.040681362725450976e+00,-1.139517112651129679e-16
1.045090180360721543e+00,1.140392125098304582e-16
1.049498997995992111e+00,-1.045032506337014474e-16
1.053907815631262679e+00,-1.190990471968388081e-16
1.058316633266533247e+00,1.744353065513895228e-16
1.062725450901803592e+00,4.080330820445072593e-16
1.067134268537074160e+00,9.927997160248482084e-17
1.071543086172344728e+00,2.978239078069346970e-16
1.075951903807615295e+00,-2.978172567982120592e-16
1.080360721442885863e+00,-6.215853694108125146e-17
1.084769539078156431e+00,1.021118853780572772e-16
1.089178356713426998e+00,-6.800307178718997934e-17
1.093587174348697566e+00,4.692432779648149252e-17
1.097995991983968134e+00,4.961652010748924137e-17
1.102404809619238479e+00,-3.131428357159782716e-17
1.106813627254509047e+00,2.663801663014595379e-16
1.111222444889779615e+00,1.882603157073748463e-16
1.115631262525050182e+00,-7.101475723169110594e-16
1.120040080160320750e+00,-1.488297266323638336e-16
1.124448897795591318e+00,9.921438473606195763e-17
1.128857715430861886e+00,1.298352044536230608e-16
1.133266533066132453e+00,-9.919428444917492275e-17
1.137675350701402799e+00,1.140167668174584565e-16
1.142084168336673367e+00,-6.171856177129198956e-17
1.146492985971943934e+00,8.505300504575176102e-17
1.150901803607214502e+00,-3.383704924680505654e-16
1.155310621242485070e+00,2.624211086664291221e-17
1.159719438877755637e+00,-7.389016799321777620e-17
1.164128256513026205e+00,-3.590598137543283761e-17
1.168537074148296773e+00,5.674337671043298472e-17
1.172945891783567340e+00,-3.184157611215122380e-16
1.177354709418837686e+00,1.979470563073030331e-16
1.181763527054108254e+00,1.296019766709522667e-16
1.186172344689378821e+00,2.645906590440909504e-16
1.190581162324649389e+00,-4.113861926032448929e-16
1.194989979959919957e+00,-4.221286983510401110e-17
1.199398797595190524e+00,1.113607953829292096e-16
1.203807615230461092e+00,1.159179929508514952e-16
1.208216432865731660e+00,1.873133395306669045e-16
1.212625250501002006e+00,1.668139051236194637e-16
1.217034068136272573e+00,-4.064490043909354435e-16
1.221442885771543141e+00,-1.305265201288182824e-16
1.225851703406813709e+00,3.683917816107152587e-17
1.230260521042084276e+00,2.267340166039502573e-16
1.234669338677354844e+00,-4.000322102112736748e-16
1.239078156312625412e+00,3.052509035494312916e-16
1.243486973947895979e+00,-5.361575678225916642e-17
1.247895791583166547e+00,2.270260426853298887e-16
1.252304609218436893e+00,-7.418556409909022938e-17
1.256713426853707460e+00,-2.725177348249603956e-16
1.261122244488978028e+00,1.200783976875718217e-17
1.265531062124248596e+00,-1.830379686841997641e-16
1.269939879759519163e+00,2.298206373736710517e-17
1.274348697394789731e+00,-1.639342731352023166e-16
1.278757515030060299e+00,-9.591753433650010089e-17
1.283166332665330867e+00,-3.611526182644909787e-17
1.287575150300601434e+00,-2.619834973201233749e-16
1.291983967935871780e+00,-2.831911048769723799e-16
1.296392785571142348e+00,9.366450958782512363e-17
1.300801603206412915e+00,1.409143563114295213e-16
1.305210420841683483e+00,2.079766252123431581e-16
1.309619238476954051e+00,-1.353762525560283826e-18
1.314028056112224618e+00,-1.472970254483708045e-16
1.318436873747495186e+00,1.551032056641341180e-16
1.322845691382765754e+00,1.225505862586563845e-17
1.327254509018036321e+00,4.890169313802538819e-17
1.331663326653306889e+00,4.898311761346958860e-17
1.336072144288577235e+00,1.962618975658566344e-16
1.340480961923847802e+00,1.506040582784396147e-16
1.344889779559118370e+00,1.527416592278811784e-16
1.349298597194388938e+00,1.527742020257510708e-16
1.353707414829659506e+00,7.547214286023845303e-17
1.358116232464930073e+00,-2.014105687367525840e-16
1.362525050100200641e+00,2.023847752575080873e-16
1.366933867735471209e+00,1.541865417992134142e-18
1.371342685370741776e+00,-2.480349259987298648e-16
1.375751503006012122e+00,5.244606610259795644e-17
1.380160320641282690e+00,-1.287029681232819683e-16
1.384569138276553257e+00,4.949147587176889556e-17
1.388977955911823825e+00,-2.034042453227976292e-16
1.393386773547094393e+00,2.000116133571044984e-16
1.397795591182364960e+00,-1.768921400087142314e-18
1.402204408817635528e+00,1.005766857860963222e-16
1.406613226452906096e+00,6.198477832968232573e-19
1.411022044088176441e+00,-7.740544917156407839e-17
1.415430861723447009e+00,2.601073171402692978e-17
1.419839679358717577e+00,-1.021505442190682624e-16
1.424248496993988145e+00,-2.023401037951480936e-16
1.428657314629258712e+00,-1.030869466906504144e-16
1.433066132264529280e+00,1.177813575827318338e-18
1.437474949899799848e+00,-4.087386078317208087e-16
1.441883767535070415e+00,-8.197471766321802553e-19
1.446292585170340983e+00,-5.343211619124736030e-17
1.450701402805611329e+00,-1.078194395646264655e-18
1.455110220440881896e+00,-1.019526821129450840e-16
1.459519038076152464e+00,5.032621897956891348e-17
1.463927855711423032e+00,1.538115409077191176e-16
1.468336673346693599e+00,-1.539186931008959932e-16
1.472745490981964167e+00,2.436366379845686290e-19
1.477154308617234735e+00,4.974743904284512023e-19
1.481563126252505302e+00,-1.028201146259412554e-16
1.485971943887775648e+00,-0.000000000000000000e+00
1.490380761523046216e+00,-5.147601414395116725e-17
1.494789579158316783e+00,1.282449278406275894e-16
1.499198396793587351e+00,5.127414151751079339e-17
1.503607214428857919e+00,1.603189376114093904e-18
1.508016032064128487e+00,1.816712197960738886e-16
1.512424849699399054e+00,7.798048865015970321e-17
1.516833667334669622e+00,-2.771810777788323869e-17
1.521242484969940190e+00,-1.352687660127836486e-18
1.525651302605210535e+00,-5.170820152107093897e-17
1.530060120240481103e+00,-1.543865328572827592e-16
1.534468937875751671e+00,5.175753579185909017e-17
1.538877755511022238e+00,2.342466259912094480e-17
1.543286573146292806e+00,-2.590309415954434660e-17
1.547695390781563374e+00,1.295742595923950776e-16
1.552104208416833941e+00,-2.583997051453206743e-16
1.556513026052104509e+00,-1.161520377989981791e-18
1.560921843687374855e+00,-1.769456024839709200e-18
1.565330661322645422e+00,7.488391738673043876e-17
1.569739478957915990e+00,3.635384859543673875e-16
1.574148296593186558e+00,5.256741839011580572e-17
1.578557114228457126e+00,5.073273245097913102e-17
1.582965931863727693e+00,-1.296603569999456627e-16
1.587374749498998261e+00,-1.024290713633563928e-16
1.591783567134268829e+00,-1.554243032522936608e-16
1.596192384769539396e+00,5.300268537987670417e-17
1.600601202404809742e+00,-5.237210164998751408e-17
1.605010020040080310e+00,-1.305067701226067444e-18
1.609418837675350877e+00,2.055199590200485767e-16
1.613827655310621445e+00,-1.560866632790106925e-16
1.618236472945892013e+00,-2.666861361182408893e-17
1.622645290581162580e+00,-2.600762250705923504e-17
1.627054108216433148e+00,1.592679836227292400e-16
1.631462925851703716e+00,5.392653996298126229e-17
1.635871743486974061e+00,-5.135183472427899538e-17
1.640280561122244629e+00,-1.831519103261694107e-16
1.644689378757515197e+00,1.540755650590495824e-16
1.649098196392785765e+00,-1.540991042754677856e-16
1.653507014028056332e+00,-5.165880773477719874e-17
1.657915831663326900e+00,-1.027941983826413784e-16
1.662324649298597468e+00,1.554715143906699709e-16
1.666733466933868035e+00,5.256147348705406392e-17
1.671142284569138603e+00,-2.087191870813225179e-16
1.675551102204408949e+00,-5.259507346049169009e-17
1.679959919839679516e+00,-2.070117081397699151e-16
1.684368737474950084e+00,5.077929961630389732e-17
1.688777555110220652e+00,-1.038687515988551504e-16
1.693186372745491219e+00,4.446866665433743358e-19
1.697595190380761787e+00,-1.046266267969433987e-16
1.702004008016032355e+00,-2.068909641470714794e-16
1.706412825651302922e+00,1.034229345664247792e-16
1.710821643286573268e+00,2.067997594959636075e-16
1.715230460921843836e+00,-1.033741881147891464e-16
1.719639278557114404e+00,3.098122817129670655e-16
1.724048096192384971e+00,2.579608379853162041e-16
1.728456913827655539e+00,1.031619632882949968e-16
1.732865731462926107e+00,3.092798604646266428e-16
1.737274549098196674e+00,9.909823712377161956e-20
1.741683366733467242e+00,-7.332796382884201688e-20
1.746092184368737810e+00,-2.059961678905262758e-16
1.750501002004008155e+00,-2.058128545189380154e-16
1.754909819639278723e+00,-0.000000000000000000e+00
1.759318637274549291e+00,-1.541484374946084419e-16
1.763727454909819858e+00,-1.029248204774112109e-16
1.768136272545090426e+00,1.541902343875154548e-16
1.772545090180360994e+00,3.083009699603383646e-16
1.776953907815631561e+00,2.566792565181392920e-16
1.781362725450902129e+00,2.055124641794425507e-16
1.785771543086172697e+00,-2.012497438773934412e-19
1.790180360721443042e+00,-1.027314364385171179e-16
1.794589178356713610e+00,2.052681462546319635e-16
1.798997995991984178e+00,2.568452496795817001e-16
1.803406813627254746e+00,-2.055362379403317246e-16
1.807815631262525313e+00,-3.025056542661592907e-20
1.812224448897795881e+00,-5.157185827387581185e-17
1.816633266533066449e+00,-1.281588359880426963e-16
1.821042084168337016e+00,-1.540406173671703402e-16
1.825450901803607362e+00,1.283458150413360838e-16
1.829859719438877930e+00,-1.026510790543330878e-16
1.834268537074148497e+00,1.536882442934060056e-16
1.838677354709419065e+00,1.540659881152542540e-16
1.843086172344689633e+00,5.129200165929325229e-17
1.847494989979960200e+00,-4.300275192850958382e-20
1.851903807615230768e+00,7.710256325157111018e-17
1.856312625250501336e+00,5.162881338698739789e-17
1.860721442885771904e+00,-1.538163244413042264e-16
1.865130260521042249e+00,5.160659496765901885e-17
1.869539078156312817e+00,5.151678396001874988e-17
1.873947895791583385e+00,-7.695725560160956989e-17
1.878356713426853952e+00,7.706785119140215999e-17
1.882765531062124520e+00,2.057155410121915023e-16
1.887174348697395088e+00,1.170338699614053448e-19
1.891583166332665655e+00,-5.137795578222745479e-17
1.895991983967936223e+00,-1.027925885131866603e-16
1.900400801603206569e+00,4.182956281638547959e-20
1.904809619238477136e+00,-8.110126254465433804e-20
1.909218436873747704e+00,-0.000000000000000000e+00
1.913627254509018272e+00,-1.028634159737394297e-16
1.918036072144288839e+00,5.137494478773881155e-17
1.922444889779559407e+00,1.027310601973359850e-16
1.926853707414829975e+00,7.693060169643523505e-17
1.931262525050100543e+00,1.026614016522697405e-16
1.935671342685371110e+00,1.291394849359914305e-17
1.940080160320641456e+00,5.141999853798552674e-17
1.944488977955912024e+00,-7.702139485024491372e-17
1.948897795591182591e+00,-1.041816050097050541e-19
1.953306613226453159e+00,-1.154476301720904159e-16
1.957715430861723727e+00,-0.000000000000000000e+00
1.962124248496994294e+00,2.559453486351734776e-17
1.966533066132264862e+00,-1.153725413230599831e-16
1.970941883767535430e+00,3.842619154600167491e-17
1.975350701402805775e+00,1.537238844532022732e-16
1.979759519038076343e+00,-1.313905351708139757e-20
1.984168336673346911e+00,-2.529712103377773364e-20
1.988577154308617478e+00,-5.123753903813623526e-17
1.992985971943888046e+00,-3.838427766845338329e-17
1.997394789579158614e+00,1.279552272685108963e-17
2.001803607214429181e+00,7.669635542629223341e-17
2.006212424849699527e+00,3.837603433384192159e-17
2.010621242484970317e+00,-5.120151445816893073e-17
2.015030060120240663e+00,-2.982019810851932980e-20
2.019438877755511008e+00,-0.000000000000000000e+00
2.023847695390781798e+00,-1.278830292302281147e-16
2.028256513026052144e+00,-2.560855491865800661e-17
2.032665330661322933e+00,-3.838674742824306116e-17
2.037074148296593279e+00,3.833330315721449268e-17
2.041482965931864069e+00,1.277935727901835590e-17
2.045891783567134414e+00,1.275954141342773216e-17
2.050300601202404760e+00,-3.830894336876212378e-17
2.054709418837675550e+00,-1.914280154329316216e-17
2.059118236472945895e+00,-5.106138734881870949e-17
2.063527054108216685e+00,-3.193765330904096405e-17
2.067935871743487031e+00,6.400666515837432249e-18
2.072344689378757820e+00,-1.642971197090055441e-20
2.076753507014028166e+00,-5.102265563479303403e-17
2.081162324649298956e+00,1.276582074072566333e-17
2.085571142284569301e+00,2.550121692085624828e-17
2.089979959919839647e+00,1.076648366421126729e-20
2.094388777555110437e+00,6.391622982709592880e-18
2.098797595190380783e+00,-6.370243047411449451e-18
2.103206412825651572e+00,1.274813687997486838e-17
2.107615230460921918e+00,-5.099765603944795187e-17
2.112024048096192708e+00,-5.098437080628109300e-17
2.116432865731463053e+00,-1.910743961908882009e-17
2.120841683366733843e+00,-1.019171440420427748e-16
2.125250501002004189e+00,6.360303313666622807e-18
2.129659318637274534e+00,-2.017891814587611951e-21
2.134068136272545324e+00,3.819940876876453446e-17
2.138476953907815670e+00,7.638160214515492343e-17
2.142885771543086459e+00,-8.894857241215885514e-22
2.147294589178356805e+00,-0.000000000000000000e+00
2.151703406813627595e+00,-2.543786776431931148e-17
2.156112224448897940e+00,1.908014069344837556e-17
2.160521042084168730e+00,-3.178342328465378878e-17
2.164929859719439076e+00,-2.542457623629532050e-17
2.169338677354709422e+00,-6.355511108863073612e-18
2.173747494989980211e+00,2.543017640276695117e-17
2.178156312625250557e+00,2.541756277540670021e-17
2.182565130260521347e+00,-3.175686809104826524e-17
2.186973947895791692e+00,-1.270824640445864097e-17
2.191382765531062482e+00,-3.174160741849678876e-17
2.195791583166332828e+00,6.342440600179546887e-18
2.200200400801603173e+00,3.807731088701042257e-17
2.204609218436873963e+00,-1.269670785545181050e-17
2.209018036072144309e+00,2.536568338264582709e-17
2.213426853707415098e+00,1.901601586363840627e-17
2.217835671342685444e+00,-1.901286639557376127e-17
2.222244488977956234e+00,-5.067865528164570266e-17
2.226653306613226579e+00,6.333151564881503847e-18
2.231062124248497369e+00,-2.532020595658784005e-17
2.235470941883767715e+00,2.531304055445991577e-17
2.239879759519038060e+00,1.265293184797302945e-17
2.244288577154308850e+00,1.897133950783572003e-17
2.248697394789579196e+00,6.321643214824799709e-18
2.253106212424849986e+00,9.479242672833636956e-18
2.257515030060120331e+00,3.158659433411512864e-17
2.261923847695391121e+00,4.420537814174663710e-17
2.266332665330661467e+00,1.578216581815536512e-17
2.270741482965932256e+00,1.893244324067806184e-17
2.275150300601202602e+00,-1.892624498419193452e-17
2.279559118236472948e+00,-1.261295132869009108e-17
2.283967935871743737e+00,3.152104986216317211e-18
2.288376753507014083e+00,1.260420657142912111e-17
2.292785571142284873e+00,9.449913712957919067e-18
2.297194388777555218e+00,-0.000000000000000000e+00
2.301603206412825564e+00,-2.832961752145967650e-17
2.306012024048096354e+00,1.041603157954347358e-31
2.310420841683366699e+00,1.886796718687594766e-17
2.314829659318637489e+00,3.143088021088094283e-18
2.319238476953907835e+00,-9.424832004606743432e-18
2.323647294589178625e+00,-3.768172210342580030e-17
2.328056112224448970e+00,3.138617089409181632e-18
2.332464929859719316e+00,-9.411202379093357483e-18
2.336873747494990106e+00,-6.271126024429899139e-18
2.341282565130260451e+00,-2.507294056839406902e-17
2.345691382765531241e+00,1.253064949945365825e-17
2.350100200400801587e+00,3.131131621064087530e-18
2.354509018036072376e+00,9.388816933345830918e-18
2.358917835671342722e+00,3.128165129629851156e-18
2.363326653306613512e+00,-0.000000000000000000e+00
2.367735470941883857e+00,3.125262489948313597e-18
2.372144288577154203e+00,-2.499003723596707144e-17
2.376553106212424993e+00,2.497826842559584407e-17
2.380961923847695338e+00,-3.745051119401901961e-17
2.385370741482966128e+00,3.083625718859290125e-31
2.389779559118236474e+00,-1.247190926932080861e-17
2.394188376753507264e+00,3.116494350946133966e-18
2.398597194388777609e+00,9.345270760237008583e-18
2.403006012024048399e+00,-6.226799302354880052e-18
2.407414829659318745e+00,1.244609106167939958e-17
2.411823647294589090e+00,-1.243845050912278733e-17
2.416232464929859880e+00,-2.175414482679343645e-17
2.420641282565130226e+00,1.552964444526869328e-17
2.425050100200401015e+00,1.862477218794836735e-17
2.429458917835671361e+00,-2.481797888023620147e-17
2.433867735470942151e+00,-3.100373202474612200e-18
2.438276553106212496e+00,-1.859137828728848562e-17
2.442685370741483286e+00,-3.406456829592040550e-17
2.447094188376753632e+00,-6.189917697036729982e-18
2.451503006012023977e+00,8.958629903457670260e-29
2.455911823647294767e+00,2.782142418351601839e-17
2.460320641282565113e+00,6.179038036121919233e-18
2.464729458917835903e+00,7.197088498238325923e-28
2.469138276553106248e+00,2.468761808124564587e-17
2.473547094188377038e+00,-6.168251582043887182e-18
2.477955911823647384e+00,-3.082361416802710850e-18
2.482364729458917729e+00,-9.241903367385242583e-18
2.486773547094188519e+00,-1.847331173961142930e-17
2.491182364729458865e+00,-2.153989165729395644e-17
2.495591182364729654e+00,-6.150897512171738404e-18
2.500000000000000000e+00,3.073702175065425960e-18
