# wavelength [micron], T [1], R_f [1], R_b [1]
2.999999999999999889e-01,9.779856889977800394e-44,4.733968245098788691e-02,4.137005613777234858e-01
3.044088176352705566e-01,3.135066951539911264e-42,4.722557663188683280e-02,4.301558054103889472e-01
3.088176352705410688e-01,7.275790087844350914e-41,4.716890709798444992e-02,4.522691617552804244e-01
3.132264529058116365e-01,1.357369874653635729e-39,4.728348752738174843e-02,4.755701776876612996e-01
3.176352705410821486e-01,1.802662731865002638e-38,4.785350196905895082e-02,5.007462402430887805e-01
3.220440881763527163e-01,8.524522449340655822e-38,4.860533811178265745e-02,5.225826556960740943e-01
3.264529058116232285e-01,1.412987263473658495e-37,4.846678158561233685e-02,5.400395922593619336e-01
3.308617234468937962e-01,1.717947676806115029e-37,4.782693261313815392e-02,5.521942136694664161e-01
3.352705410821643084e-01,1.492580663735288021e-37,4.992681252126549007e-02,5.570293603306533115e-01
3.396793587174348761e-01,1.199334523567370799e-37,6.421459114433224202e-02,5.531385988635787454e-01
3.440881763527053883e-01,1.065443246661129731e-37,9.387208041806230363e-02,5.396960014717036014e-01
3.484969939879759560e-01,1.247956438382709619e-37,1.300142452111072988e-01,5.163428564696158629e-01
3.529058116232464681e-01,2.071044279003667282e-37,1.574263290510467539e-01,4.833317381735539597e-01
3.573146292585170358e-01,9.026885884235625812e-34,1.702464600253957294e-01,4.421234098026939341e-01
3.617234468937875480e-01,3.826946324752144321e-11,1.706648677038148099e-01,3.948648915792930536e-01
3.661322645290581157e-01,2.190427163772984619e-09,1.619641874799565284e-01,3.444690448973345975e-01
3.705410821643286834e-01,8.887210838509369397e-08,1.483167484465218733e-01,2.942737381188690327e-01
3.749498997995991956e-01,7.797951391306898552e-07,1.308887184221815270e-01,2.471936961240182584e-01
3.793587174348697078e-01,6.551205328915718753e-06,1.148521219557959716e-01,2.052400593837208631e-01
3.837675350701402754e-01,3.228494882646321069e-05,1.017763880180709846e-01,1.691111127542247183e-01
3.881763527054108431e-01,1.415042440020305005e-04,9.084634645867130376e-02,1.387565692412537077e-01
3.925851703406813553e-01,4.751085442382393465e-04,7.990514102819977482e-02,1.128926498940222289e-01
3.969939879759519230e-01,1.403349826372338096e-03,6.924130828248473146e-02,9.077675804589688258e-02
4.014028056112224352e-01,4.034713438348313912e-03,6.000342028552314161e-02,7.281173396257729913e-02
4.058116232464930029e-01,9.276936770316981593e-03,5.288276511862342877e-02,5.909065780787240568e-02
4.102204408817635151e-01,1.772064494294343234e-02,4.841577449987755077e-02,4.925685497962906112e-02
4.146292585170340828e-01,2.767547319919468410e-02,4.703358654231487579e-02,4.203051052925430020e-02
4.190380761523045949e-01,4.249071075315744017e-02,4.821452183394855928e-02,3.718504068747197772e-02
4.234468937875751626e-01,5.664240169380068551e-02,5.123160756098088520e-02,3.530548782086947307e-02
4.278557114228457303e-01,6.744496279964341812e-02,5.629321821671020437e-02,3.853748710626002383e-02
4.322645290581162425e-01,7.558092808298645660e-02,6.448691872893369537e-02,4.752636113120214251e-02
4.366733466933867547e-01,8.119933063925612038e-02,7.553071563822549850e-02,5.810886931812267453e-02
4.410821643286573224e-01,8.446219614700836709e-02,8.709530909846079083e-02,6.432809100582231876e-02
4.454909819639278901e-01,8.878619093778776505e-02,9.718062359907099490e-02,6.427639155965449158e-02
4.498997995991984022e-01,9.257917503004774173e-02,1.041805997987356319e-01,5.629029523309713595e-02
4.543086172344689144e-01,9.845346416783991306e-02,1.081288280192900381e-01,4.462422908301146712e-02
4.587174348697394821e-01,1.049711284154735275e-01,1.100616827821295080e-01,3.276193968191472988e-02
4.631262525050100498e-01,1.121747851029667037e-01,1.114598911635238110e-01,2.484715258071704125e-02
4.675350701402805620e-01,1.197627896540333498e-01,1.137531541302603255e-01,2.340381120162765213e-02
4.719438877755510742e-01,1.276332027207587316e-01,1.179054590020199716e-01,2.893728909572560598e-02
4.763527054108216419e-01,1.354184984506648093e-01,1.239162629524813153e-01,4.013033849141221104e-02
4.807615230460922096e-01,1.424180634480911034e-01,1.304565846022541498e-01,5.420904390552486185e-02
4.851703406813627772e-01,1.493071193809058506e-01,1.359792467012338468e-01,6.805680231852721807e-02
4.895791583166332894e-01,1.585678329997070313e-01,1.390475123138029401e-01,7.937438439711347327e-02
4.939879759519038016e-01,1.722586336679875485e-01,1.389034479512164244e-01,8.691680496364923014e-02
4.983967935871743693e-01,1.889316489798089638e-01,1.350617134795384644e-01,8.878125492869563817e-02
5.028056112224449370e-01,2.104533955235015352e-01,1.280407720866454935e-01,8.422751055413998933e-02
5.072144288577153937e-01,2.366399101881841993e-01,1.181897721740580998e-01,7.375427996206772308e-02
5.116232464929859614e-01,2.672286251226284048e-01,1.064130593169322070e-01,5.979175708395832040e-02
5.160320641282565290e-01,3.025324753025885327e-01,9.468423894986817413e-02,4.543544427202184099e-02
5.204408817635270967e-01,3.388180014030737208e-01,8.528654969800085472e-02,3.308163224360460841e-02
5.248496993987976644e-01,3.705647524076448041e-01,8.016281219113972900e-02,2.564172808975590662e-02
5.292585170340681211e-01,4.007583247498794909e-01,7.982160876107419201e-02,2.421446331995033563e-02
5.336673346693386888e-01,4.272731234471189299e-01,8.215787666845190962e-02,2.746300516608410347e-02
5.380761523046092565e-01,4.527666961938093815e-01,8.425862777560363948e-02,3.299271389651237119e-02
5.424849699398797132e-01,4.734342811897369052e-01,8.271217086039395205e-02,3.742231997396241322e-02
5.468937875751502808e-01,4.908197852647515069e-01,7.658913805768934047e-02,3.960553803749575219e-02
5.513026052104208485e-01,5.066088009432673234e-01,6.746931248099863332e-02,4.067693048705467440e-02
5.557114228456914162e-01,5.148336690049709619e-01,5.843636828470491484e-02,4.278832108213713459e-02
5.601202404809619839e-01,5.140383500332433853e-01,5.375794167254784733e-02,4.930543293471529448e-02
5.645290581162325516e-01,4.993612795111094238e-01,5.646326119590434206e-02,6.201974633185691060e-02
5.689378757515030083e-01,4.751613384560804954e-01,6.844264594655526113e-02,8.183551388722561104e-02
5.733466933867735760e-01,4.391337330599491273e-01,8.585951242725230192e-02,1.035516113323965981e-01
5.777555110220440326e-01,4.025438019267527090e-01,1.027913088753781706e-01,1.212521280955236314e-01
5.821643286573146003e-01,3.686822000323302095e-01,1.163146564454372867e-01,1.335459774014335355e-01
5.865731462925851680e-01,3.373534177633251141e-01,1.250308528877504821e-01,1.404762632893939989e-01
5.909819639278557357e-01,3.084144583847561183e-01,1.279769990987033035e-01,1.420164680919054623e-01
5.953907815631263034e-01,2.812975445280896380e-01,1.256754069325344558e-01,1.387665346009643863e-01
5.997995991983968711e-01,2.567697012922440236e-01,1.198729677069829136e-01,1.321357359451187374e-01
6.042084168336674388e-01,2.359977232504455735e-01,1.119308431016898392e-01,1.238743775246341772e-01
6.086172344689378955e-01,2.174733270214324610e-01,1.027330673133400457e-01,1.145490905420012695e-01
6.130260521042084632e-01,2.022517569428921580e-01,9.378719675298562153e-02,1.057748027400253477e-01
6.174348697394789198e-01,1.917342461646536489e-01,8.561067869991915991e-02,9.811956000129296029e-02
6.218436873747494875e-01,1.846341634495638484e-01,7.809962019395087773e-02,9.117520520424821084e-02
6.262525050100200552e-01,1.798048894205309667e-01,7.154816787187344429e-02,8.519533304838208809e-02
6.306613226452906229e-01,1.778205073449289353e-01,6.634480299122944014e-02,8.101738225528148929e-02
6.350701402805611906e-01,1.728708229117985884e-01,6.326804544876557523e-02,8.070286421597129556e-02
6.394789579158317583e-01,1.611000471219407315e-01,6.542530067989964226e-02,8.893601241498771959e-02
6.438877755511022150e-01,1.430613044045620785e-01,7.899277728712597590e-02,1.138223240047005758e-01
6.482965931863727826e-01,1.160280366804583851e-01,1.057667623185045286e-01,1.526571994095564377e-01
6.527054108216432393e-01,8.441369175860830021e-02,1.541267530403790387e-01,2.099058569577388900e-01
6.571142284569138070e-01,4.835809269788923781e-02,2.191804677363728970e-01,2.708434088091081215e-01
6.615230460921843747e-01,2.478955082569120685e-02,2.782381536883842266e-01,3.099307311719058933e-01
6.659318637274549424e-01,1.289679241484547462e-02,3.198413162179020719e-01,3.238800485009190044e-01
6.703406813627255101e-01,5.919240034151076156e-03,3.592945766084716941e-01,3.293907795491262114e-01
6.747494989979960778e-01,2.541509642529710383e-03,3.871031648908859202e-01,3.202587338124069927e-01
6.791583166332666455e-01,1.096783259739862477e-03,4.096493369405747598e-01,3.075974306838974437e-01
6.835671342685371021e-01,4.715895475161688104e-04,4.136423018005149776e-01,2.828781616722763070e-01
6.879759519038076698e-01,2.367453111625395391e-04,4.124534286748106071e-01,2.605750899403291299e-01
6.923847695390781265e-01,1.290200692274377282e-04,4.055382786536084194e-01,2.392648898759250908e-01
6.967935871743486942e-01,7.503775196181422036e-05,3.947651043056495945e-01,2.208989095332045682e-01
7.012024048096192619e-01,4.871536708556871258e-05,3.818116876030812068e-01,2.069498668718670609e-01
7.056112224448898296e-01,3.447045397662860819e-05,3.648883919847731305e-01,1.958495495544356479e-01
7.100200400801603973e-01,2.841714875044295865e-05,3.455548847215377806e-01,1.880595428871189856e-01
7.144288577154309650e-01,2.558194702811634902e-05,3.184786978575786520e-01,1.794879242109244377e-01
7.188376753507014216e-01,2.585684860917760583e-05,2.919807180486905795e-01,1.743611805866964459e-01
7.232464929859719893e-01,2.830383547295024888e-05,2.680343333077800372e-01,1.728741258015042415e-01
7.276553106212425570e-01,3.381556761608069822e-05,2.437372745133148944e-01,1.732564911852504386e-01
7.320641282565130137e-01,4.443933975132349605e-05,2.205466908579847563e-01,1.752875153860967705e-01
7.364729458917835814e-01,6.432061396799992913e-05,1.977029615615174540e-01,1.782759351605458786e-01
7.408817635270541491e-01,1.014295164684382279e-04,1.739679900881614671e-01,1.822465451034059325e-01
7.452905811623247168e-01,1.664599397511656246e-04,1.539824400808513516e-01,1.866764694046454398e-01
7.496993987975952844e-01,2.938838465747288758e-04,1.341500141471125007e-01,1.916247315197094347e-01
7.541082164328658521e-01,5.086420234874373773e-04,1.167246888306053137e-01,1.974288842241478104e-01
7.585170340681363088e-01,9.561023787337357945e-04,1.001836290096426579e-01,2.030481601735164843e-01
7.629258517034068765e-01,1.652381244081768110e-03,8.652111303521692331e-02,2.095511399656259377e-01
7.673346693386773332e-01,2.751531457688639361e-03,7.506467398595606522e-02,2.162488553200222763e-01
7.717434869739479009e-01,4.827983650243877073e-03,6.494573367518371998e-02,2.226397291691559477e-01
7.761523046092184686e-01,8.616623040797763075e-03,5.653694862033782631e-02,2.290680320027608241e-01
7.805611222444890362e-01,1.373511713694416242e-02,5.058110075808494588e-02,2.358529523838863717e-01
7.849699398797596039e-01,2.237522654066788005e-02,4.617102392642065400e-02,2.427389720605403201e-01
7.893787575150301716e-01,3.303109143073442583e-02,4.406476572683436926e-02,2.499149597814554757e-01
7.937875751503007393e-01,4.901937684725691385e-02,4.453843358203885688e-02,2.574248010876558079e-01
7.981963927855711960e-01,6.816146704352210595e-02,4.840530910182835878e-02,2.651729377033304469e-01
8.026052104208416527e-01,9.086968899945770117e-02,5.603157524585060389e-02,2.730877726444024822e-01
8.070140280561122204e-01,1.173500443830570450e-01,6.731573673616414455e-02,2.809366015475684986e-01
8.114228456913827880e-01,1.454885035238012159e-01,8.062694454938215682e-02,2.882674913645422721e-01
8.158316633266533557e-01,1.733784756991307574e-01,9.375770564259015838e-02,2.947563092309444799e-01
8.202404809619239234e-01,2.035265693763193828e-01,1.064242298489289362e-01,3.002459641068391250e-01
8.246492985971944911e-01,2.347198296026004327e-01,1.173022730725637175e-01,3.045558913231956599e-01
8.290581162324650588e-01,2.683398341183114155e-01,1.269745644093474568e-01,3.080680846811786333e-01
8.334669338677356265e-01,3.136952854826511317e-01,1.408726992769398501e-01,3.116330680130687258e-01
8.378757515030059722e-01,3.384138613339874868e-01,1.445793072503785137e-01,3.138946067199032686e-01
8.422845691382765398e-01,3.479935569898621184e-01,1.420897856348364852e-01,3.161999227453828332e-01
8.466933867735471075e-01,3.575715550404682808e-01,1.420479900966668818e-01,3.196754141044262365e-01
8.511022044088176752e-01,3.670622315458323404e-01,1.450574192421284769e-01,3.244011339996961119e-01
8.555110220440882429e-01,3.744797841055476084e-01,1.508339904715636504e-01,3.305136912941900595e-01
8.599198396793588106e-01,3.751467762261136984e-01,1.566232559833987403e-01,3.378705564387797233e-01
8.643286573146293783e-01,3.738221963001759351e-01,1.642313481496013305e-01,3.462734299795650061e-01
8.687374749498999460e-01,3.702307978310261372e-01,1.726637590176101633e-01,3.553545701554181035e-01
8.731462925851705137e-01,3.652706489679358737e-01,1.816591773088361284e-01,3.647899324220810202e-01
8.775551102204408593e-01,3.657971566940135810e-01,1.958452272019000073e-01,3.744912035997911559e-01
8.819639278557114270e-01,3.642238082763417650e-01,2.094053409763922124e-01,3.841722000696285999e-01
8.863727454909819947e-01,3.552252091793425270e-01,2.167921856033022399e-01,3.933298937571707565e-01
8.907815631262525624e-01,3.465076306100550174e-01,2.238132128742842675e-01,4.022668336089313956e-01
8.951903807615231301e-01,3.376049402289137968e-01,2.296780681372347366e-01,4.106923041225000737e-01
8.995991983967936978e-01,3.291222945373256659e-01,2.349780630798987968e-01,4.186944192991022828e-01
9.040080160320642655e-01,3.212064627210099998e-01,2.397807562656058544e-01,4.261763683198168118e-01
9.084168336673348332e-01,3.134757981751531974e-01,2.435967011610003508e-01,4.332276624816157606e-01
9.128256513026051788e-01,3.053581066281154666e-01,2.458573866500480820e-01,4.397575093772638777e-01
9.172344689378757465e-01,2.973291647913826607e-01,2.470361759339922414e-01,4.458313109935881369e-01
9.216432865731463142e-01,2.901904690112619978e-01,2.479722932042250083e-01,4.516297525401278268e-01
9.260521042084168819e-01,2.841803469755791456e-01,2.489860790816998126e-01,4.572192743163354112e-01
9.304609218436874496e-01,2.788159162169742689e-01,2.497294479943178991e-01,4.626401202674366719e-01
9.348697394789580173e-01,2.753372014549450020e-01,2.513660230507818727e-01,4.681262651059467372e-01
9.392785571142285850e-01,2.721194883948265253e-01,2.525756416961105200e-01,4.734012193575651284e-01
9.436873747494991527e-01,2.695696995041436117e-01,2.535860284512850837e-01,4.784866979790499131e-01
9.480961923847697204e-01,2.670017610936753494e-01,2.540567222092002808e-01,4.833676733256794256e-01
9.525050100200400660e-01,2.644750549520599181e-01,2.543416599807998835e-01,4.880944764324425811e-01
9.569138276553106337e-01,2.620935355545091494e-01,2.546149700544477756e-01,4.927899897881530822e-01
9.613226452905812014e-01,2.594942979696546193e-01,2.543528325976044946e-01,4.973744468059539958e-01
9.657314629258517691e-01,2.562538444687045280e-01,2.529911040150959467e-01,5.017676568862070585e-01
9.701402805611223368e-01,2.531860432362424418e-01,2.514904741737151728e-01,5.060781180466803475e-01
9.745490981963929045e-01,2.495272927925024087e-01,2.490100369481263731e-01,5.102617807661123939e-01
9.789579158316634722e-01,2.460414037712284618e-01,2.465324122951056129e-01,5.144386170932058189e-01
9.833667334669340399e-01,2.428768247487957943e-01,2.445152291632921027e-01,5.186469857317606014e-01
9.877755511022043855e-01,2.398184861255605593e-01,2.427576186704391847e-01,5.228801574423108667e-01
9.921843687374749532e-01,2.367387305596139746e-01,2.409607316491088613e-01,5.271082846582146875e-01
9.965931863727455209e-01,2.336533132407841717e-01,2.390177004537464567e-01,5.313084042268158003e-01
1.001002004008016089e+00,2.305283220990473614e-01,2.371097016317783579e-01,5.355287146481673144e-01
1.005410821643286656e+00,2.271792988645495170e-01,2.355121757415827577e-01,5.398552105295064685e-01
1.009819639278557224e+00,2.238831209449290149e-01,2.339293717196177236e-01,5.441789562013911175e-01
1.014228456913827792e+00,2.206704513773055099e-01,2.324167416111149742e-01,5.485001413697214723e-01
1.018637274549098359e+00,2.174932913859934092e-01,2.309149465701990922e-01,5.528273072161717927e-01
1.023046092184368927e+00,2.143926627709620003e-01,2.295114307220009753e-01,5.571586127373894248e-01
1.027454909819639273e+00,2.113583146235781529e-01,2.281929844359434356e-01,5.614791081309608023e-01
1.031863727454909840e+00,2.084272454439333178e-01,2.270007794676068835e-01,5.657898647342530785e-01
1.036272545090180408e+00,2.056078475879267453e-01,2.258942999905507731e-01,5.700479105105377142e-01
1.040681362725450976e+00,2.027804582199332073e-01,2.247273512248076088e-01,5.742657677650361281e-01
1.045090180360721543e+00,2.000316441946086432e-01,2.236482333759385877e-01,5.784612116220554379e-01
1.049498997995992111e+00,1.972879544844970690e-01,2.225395840964832228e-01,5.826338613293704505e-01
1.053907815631262679e+00,1.947193741197114636e-01,2.216618136609682932e-01,5.867647219472118536e-01
1.058316633266533247e+00,1.921914402728551186e-01,2.208281919864082121e-01,5.908588687955197427e-01
1.062725450901803592e+00,1.897078165134432060e-01,2.200490150670883771e-01,5.949231557361618350e-01
1.067134268537074160e+00,1.872801233200907522e-01,2.193398506168859341e-01,5.989556792532401142e-01
1.071543086172344728e+00,1.849136554222659545e-01,2.187217802715198667e-01,6.029662086382643338e-01
1.075951903807615295e+00,1.826084509689689939e-01,2.181995980826032244e-01,6.069491040956984662e-01
1.080360721442885863e+00,1.803024020570163644e-01,2.176544403755847901e-01,6.108935726151298873e-01
1.084769539078156431e+00,1.776346381726291723e-01,2.164573316491116561e-01,6.147887611138251884e-01
1.089178356713426998e+00,1.747775125107495497e-01,2.148554797337430544e-01,6.186329229371623217e-01
1.093587174348697566e+00,1.719185105063424646e-01,2.131771220255442301e-01,6.224203370403788016e-01
1.097995991983968134e+00,1.691013780913739606e-01,2.114731169051758397e-01,6.261667169093166896e-01
1.102404809619238479e+00,1.662945370107123122e-01,2.097105778754823624e-01,6.298681514624884237e-01
1.106813627254509047e+00,1.634858322346565418e-01,2.078496399064932165e-01,6.335214756782340251e-01
1.111222444889779615e+00,1.606880780368081518e-01,2.058478599552091837e-01,6.371379512740038553e-01
1.115631262525050182e+00,1.578520177880416986e-01,2.036647075502783510e-01,6.407037261455944543e-01
1.120040080160320750e+00,1.550707654992136697e-01,2.014823311829612440e-01,6.442215233073163017e-01
1.124448897795591318e+00,1.519981471513391358e-01,1.986470645587842532e-01,6.476820527190568777e-01
1.128857715430861886e+00,1.486868454858736865e-01,1.952273600240798934e-01,6.510808803292525981e-01
1.133266533066132453e+00,1.449857872105345946e-01,1.909440943984145045e-01,6.543899803966434225e-01
1.137675350701402799e+00,1.412429018801958924e-01,1.864734201936735780e-01,6.576445599179676638e-01
1.142084168336673367e+00,1.372132005467658622e-01,1.813617145291667176e-01,6.608336325931875033e-01
1.146492985971943934e+00,1.328839850051568849e-01,1.756063026756836676e-01,6.639560477893058366e-01
1.150901803607214502e+00,1.285385152676772891e-01,1.697720265801002104e-01,6.670394311549474597e-01
1.155310621242485070e+00,1.237466838012995368e-01,1.630660253218980948e-01,6.700572538034734738e-01
1.159719438877755637e+00,1.190859655585349841e-01,1.565823218709104236e-01,6.730289476446981167e-01
1.164128256513026205e+00,1.137141496136351432e-01,1.487394837379260593e-01,6.759496757919348786e-01
1.168537074148296773e+00,1.083747496461342080e-01,1.409904156736038194e-01,6.788310583549437283e-01
1.172945891783567340e+00,1.030176441367978146e-01,1.332856965792517667e-01,6.816299489831579850e-01
1.177354709418837686e+00,9.784707492174142540e-02,1.260136134814888176e-01,6.843725611434697820e-01
1.181763527054108254e+00,9.249213946996144575e-02,1.185939863715044923e-01,6.870569196126000699e-01
1.186172344689378821e+00,8.675130567409408688e-02,1.107804076154024486e-01,6.896786730200051840e-01
1.190581162324649389e+00,8.111337184402617195e-02,1.034076326855253025e-01,6.922674540264182053e-01
1.194989979959919957e+00,7.465668225941214653e-02,9.518557766402237219e-02,6.947931014765177382e-01
1.199398797595190524e+00,6.872244938604596398e-02,8.819091869745795953e-02,6.972991004238117130e-01
1.203807615230461092e+00,6.395526284586547372e-02,8.317944889473495584e-02,6.998135223219035250e-01
1.208216432865731660e+00,5.963234126992573297e-02,7.909664226965912315e-02,7.023072628501174641e-01
1.212625250501002006e+00,5.802091324440957626e-02,7.859884348194216830e-02,7.048684636512233537e-01
1.217034068136272573e+00,5.793013672285785010e-02,8.019285793408645335e-02,7.074547509181252636e-01
1.221442885771543141e+00,5.814317990252838159e-02,8.248368208002949953e-02,7.100172720850385089e-01
1.225851703406813709e+00,5.939452980077207511e-02,8.649343560555684818e-02,7.126072180060804007e-01
1.230260521042084276e+00,6.058407934744896445e-02,9.087162426324246756e-02,7.151741349212121790e-01
1.234669338677354844e+00,6.079366008318448644e-02,9.432564522290327880e-02,7.176684459839836050e-01
1.239078156312625412e+00,6.098330591843982573e-02,9.814852465208387389e-02,7.201375057495823517e-01
1.243486973947895979e+00,5.999760289741960101e-02,1.006955422328227601e-01,7.225384852804475067e-01
1.247895791583166547e+00,5.866666158149997506e-02,1.031143914506883336e-01,7.248994722978816529e-01
1.252304609218436893e+00,5.698490542964126243e-02,1.053924835781426955e-01,7.272106491950881546e-01
1.256713426853707460e+00,5.503235019119442906e-02,1.076672342037822416e-01,7.294746880990913285e-01
1.261122244488978028e+00,5.304440116569116709e-02,1.102970673658937167e-01,7.317082806673399498e-01
1.265531062124248596e+00,5.089204410539995699e-02,1.130965218310208964e-01,7.339023519873919543e-01
1.269939879759519163e+00,4.883854690147471783e-02,1.163707507045071421e-01,7.360646050293978560e-01
1.274348697394789731e+00,4.637953082730612853e-02,1.197989551112956519e-01,7.382183361579812697e-01
1.278757515030060299e+00,4.389857862545411965e-02,1.237524552907086350e-01,7.403614879329427634e-01
1.283166332665330867e+00,4.147461559495979611e-02,1.281187420003280231e-01,7.424821734701398945e-01
1.287575150300601434e+00,3.915834521705094384e-02,1.329044928216539245e-01,7.445814424183235802e-01
1.291983967935871780e+00,3.695985359468458020e-02,1.381423321664568549e-01,7.466588917975218731e-01
1.296392785571142348e+00,3.493238821571408026e-02,1.438021733137094249e-01,7.486951278202977900e-01
1.300801603206412915e+00,3.317370173877622758e-02,1.497469386177450179e-01,7.506962621977488759e-01
1.305210420841683483e+00,3.168140877751911971e-02,1.558869725078075308e-01,7.526599758222151104e-01
1.309619238476954051e+00,3.026398858651364529e-02,1.622436540473247424e-01,7.546048443843911269e-01
1.314028056112224618e+00,2.890973186595447580e-02,1.688137902312557004e-01,7.565293054565503938e-01
1.318436873747495186e+00,2.762216239347910565e-02,1.754973426490185895e-01,7.584351795344722591e-01
1.322845691382765754e+00,2.637278196884189005e-02,1.822466793604431423e-01,7.603058164551744769e-01
1.327254509018036321e+00,2.517741801722303552e-02,1.891224356693423925e-01,7.621539092280040784e-01
1.331663326653306889e+00,2.402080005533983875e-02,1.961161616351742298e-01,7.639792457876115606e-01
1.336072144288577235e+00,2.288805267192810591e-02,2.032003517255785152e-01,7.657781184827771037e-01
1.340480961923847802e+00,2.182471831672300189e-02,2.104678325822053053e-01,7.675570744442973270e-01
1.344889779559118370e+00,2.077624630533301056e-02,2.177494794014933621e-01,7.693061695089232765e-01
1.349298597194388938e+00,1.984807701034990712e-02,2.249346804330519534e-01,7.710196979737026224e-01
1.353707414829659506e+00,1.888366958694431830e-02,2.319269514557943390e-01,7.726825950073799021e-01
1.358116232464930073e+00,1.796024429619104412e-02,2.388214110527584477e-01,7.743235793889859941e-01
1.362525050100200641e+00,1.697991988437354965e-02,2.456254464664256176e-01,7.759177035237563302e-01
1.366933867735471209e+00,1.598859911219735475e-02,2.524412006214155624e-01,7.774737458190633665e-01
1.371342685370741776e+00,1.500396656552255813e-02,2.592033886764149586e-01,7.789963118363395500e-01
1.375751503006012122e+00,1.395145784537034535e-02,2.656896973299450182e-01,7.804659628977100860e-01
1.380160320641282690e+00,1.298531973326044579e-02,2.721175082208086016e-01,7.819245973874258127e-01
1.384569138276553257e+00,1.210045794615506251e-02,2.782807757602049348e-01,7.833720727306880960e-01
1.388977955911823825e+00,1.128773425678328626e-02,2.843970364681011054e-01,7.848076586995121895e-01
1.393386773547094393e+00,1.071510772716707457e-02,2.905496909906227776e-01,7.862847709540318197e-01
1.397795591182364960e+00,1.022825467850101491e-02,2.967162020361766017e-01,7.877614496522575838e-01
1.402204408817635528e+00,9.814994807845509733e-03,3.030010481699140223e-01,7.892364305597379115e-01
1.406613226452906096e+00,9.468236561388211625e-03,3.093019366634064959e-01,7.907099921898871342e-01
1.411022044088176441e+00,9.146513145659984287e-03,3.153694798667379118e-01,7.921684742154809777e-01
1.415430861723447009e+00,8.867734035168538601e-03,3.211994982532483944e-01,7.936147955492454109e-01
1.419839679358717577e+00,8.622147372543846611e-03,3.268114346331654207e-01,7.950407623488879860e-01
1.424248496993988145e+00,8.473349925384506681e-03,3.323204869462653699e-01,7.964856297446731848e-01
1.428657314629258712e+00,8.334911242906606690e-03,3.375896939212105208e-01,7.979177594060556933e-01
1.433066132264529280e+00,8.257491426066349352e-03,3.427782003022731283e-01,7.993596911757574475e-01
1.437474949899799848e+00,8.210223544858685080e-03,3.479060777960125139e-01,8.008005534189130969e-01
1.441883767535070415e+00,8.175886406867219000e-03,3.528984043731439035e-01,8.022338033240329347e-01
1.446292585170340983e+00,8.156517411438898857e-03,3.576987329381104419e-01,8.036503724578752950e-01
1.450701402805611329e+00,8.143537118813073267e-03,3.623229861397214147e-01,8.050574661533578258e-01
1.455110220440881896e+00,8.132978984269956246e-03,3.667696596481323512e-01,8.064530524187765170e-01
1.459519038076152464e+00,8.130138433840373643e-03,3.710586687469951128e-01,8.078401064613887073e-01
1.463927855711423032e+00,8.122035486038795687e-03,3.751147959760334216e-01,8.092118448851409740e-01
1.468336673346693599e+00,8.119132525188820643e-03,3.790340319816121184e-01,8.105742887133636776e-01
1.472745490981964167e+00,8.109168549512130175e-03,3.828051687881389165e-01,8.119188897829180407e-01
1.477154308617234735e+00,8.097340423503688461e-03,3.863735837126123784e-01,8.132488721251932562e-01
1.481563126252505302e+00,8.078978271975343836e-03,3.896861152036991127e-01,8.145610654131800743e-01
1.485971943887775648e+00,8.043083562616494542e-03,3.927480210119156934e-01,8.158471480968010336e-01
1.490380761523046216e+00,8.011797069838391336e-03,3.956472881385607043e-01,8.171211797573092461e-01
1.494789579158316783e+00,7.958701984820015785e-03,3.983453332773833622e-01,8.183618930677928338e-01
1.499198396793587351e+00,7.922644367858220835e-03,4.008014969417995066e-01,8.195871414271103106e-01
1.503607214428857919e+00,7.875757924396981427e-03,4.032610247432782402e-01,8.207798648402482300e-01
1.508016032064128487e+00,7.829262751630370817e-03,4.054189398339697048e-01,8.219567208920712797e-01
1.512424849699399054e+00,7.774384497897459875e-03,4.072811868883801090e-01,8.231106071100120491e-01
1.516833667334669622e+00,7.713044966017526885e-03,4.088790865041790901e-01,8.242306681496388565e-01
1.521242484969940190e+00,7.653747533326011633e-03,4.102290544055042232e-01,8.253372434454376849e-01
1.525651302605210535e+00,7.593883551425721981e-03,4.114052093541528676e-01,8.264264321129538571e-01
1.530060120240481103e+00,7.539228419132253459e-03,4.123889449577196054e-01,8.275043106297226281e-01
1.534468937875751671e+00,7.504485216600566451e-03,4.131553518111183432e-01,8.285848494057990177e-01
1.538877755511022238e+00,7.474908346148076074e-03,4.136890092624723181e-01,8.296547709409057836e-01
1.543286573146292806e+00,7.476320070382393330e-03,4.140780919529961079e-01,8.307388173735998915e-01
1.547695390781563374e+00,7.491427466683579957e-03,4.142459238469027860e-01,8.318214567013703098e-01
1.552104208416833941e+00,7.508858054502689887e-03,4.140878275412653298e-01,8.328934442089344081e-01
1.556513026052104509e+00,7.528984425044862872e-03,4.136348547060990088e-01,8.339551549368960925e-01
1.560921843687374855e+00,7.551877756751677190e-03,4.129759837464286321e-01,8.350049793270996057e-01
1.565330661322645422e+00,7.567772682928924737e-03,4.120330093020044271e-01,8.360338989675134558e-01
1.569739478957915990e+00,7.587487115846017205e-03,4.108290550513951644e-01,8.370536675812082494e-01
1.574148296593186558e+00,7.597229752203876925e-03,4.094359868551194492e-01,8.380509083727765152e-01
1.578557114228457126e+00,7.610566873662606702e-03,4.077410716365794663e-01,8.390338450520220537e-01
1.582965931863727693e+00,7.620725508855861162e-03,4.057373665250233463e-01,8.399890541007276612e-01
1.587374749498998261e+00,7.633072972641199647e-03,4.033476514292433368e-01,8.409290655902740275e-01
1.591783567134268829e+00,7.645725467033103948e-03,4.006023141695567169e-01,8.418576223226635902e-01
1.596192384769539396e+00,7.654217889681774051e-03,3.975588473113660926e-01,8.427736040971586240e-01
1.600601202404809742e+00,7.663012991817597097e-03,3.941435075996824744e-01,8.436775550088994047e-01
1.605010020040080310e+00,7.657355673493141703e-03,3.901926947379470434e-01,8.445575733262197238e-01
1.609418837675350877e+00,7.652415845126527873e-03,3.859022720777541271e-01,8.454286479524073528e-01
1.613827655310621445e+00,7.630768438314069514e-03,3.812976129087116139e-01,8.462708204154859581e-01
1.618236472945892013e+00,7.609802890363393836e-03,3.763968412343522418e-01,8.470976350966727964e-01
1.622645290581162580e+00,7.567779577706465303e-03,3.711478770218599732e-01,8.478868811293924779e-01
1.627054108216433148e+00,7.512017431903726498e-03,3.655493937153088679e-01,8.486531945763584606e-01
1.631462925851703716e+00,7.444291457444263474e-03,3.596076273913328958e-01,8.493981087786887096e-01
1.635871743486974061e+00,7.350040475660092436e-03,3.533074028370404851e-01,8.501119071868411536e-01
1.640280561122244629e+00,7.252535589033750653e-03,3.466578282592046589e-01,8.508158582243544599e-01
1.644689378757515197e+00,7.087741446245926329e-03,3.396222183343990952e-01,8.514520224372480461e-01
1.649098196392785765e+00,6.930003573845994712e-03,3.322716509225851489e-01,8.520880955527251333e-01
1.653507014028056332e+00,6.699341782660342935e-03,3.245333882172263817e-01,8.526530384505659477e-01
1.657915831663326900e+00,6.459979596954191182e-03,3.164696215795166911e-01,8.532087805567338812e-01
1.662324649298597468e+00,6.175297077537420659e-03,3.081002530174933307e-01,8.537033596364016486e-01
1.666733466933868035e+00,5.860498099128082922e-03,2.994535629262297660e-01,8.541738449053706272e-01
1.671142284569138603e+00,5.549200567218543628e-03,2.905495096290524604e-01,8.546510672313114565e-01
1.675551102204408949e+00,5.212345607346278477e-03,2.813959588056156869e-01,8.551131301456850187e-01
1.679959919839679516e+00,4.902069747791875515e-03,2.720510182353068629e-01,8.556186683276635341e-01
1.684368737474950084e+00,4.570434849308351033e-03,2.625477188592353905e-01,8.561138646593169366e-01
1.688777555110220652e+00,4.265847127987196057e-03,2.529062070026881215e-01,8.566340149242742674e-01
1.693186372745491219e+00,3.858555547341375406e-03,2.431166547185721616e-01,8.570941274407862798e-01
1.697595190380761787e+00,3.456472666703762874e-03,2.332832476752995654e-01,8.575716104482424829e-01
1.702004008016032355e+00,2.971304382266982957e-03,2.233725245178550256e-01,8.580190292958423948e-01
1.706412825651302922e+00,2.438705722820862839e-03,2.134566052621345578e-01,8.584606328215299564e-01
1.710821643286573268e+00,1.947394877899847080e-03,2.036727229836488295e-01,8.589538624633419328e-01
1.715230460921843836e+00,1.358866899801515005e-03,1.940032733027349798e-01,8.594541117394367546e-01
1.719639278557114404e+00,9.555722879901945360e-04,1.845834020533830278e-01,8.600414068386872390e-01
1.724048096192384971e+00,8.327813237878981803e-04,1.755302964067096128e-01,8.606929195112793529e-01
1.728456913827655539e+00,7.394162011565668909e-04,1.667821277794530876e-01,8.613473369083737285e-01
1.732865731462926107e+00,7.925681159095278577e-04,1.584137029927641938e-01,8.620189296064660889e-01
1.737274549098196674e+00,9.393709601167020981e-04,1.504799708972612837e-01,8.627028592851858635e-01
1.741683366733467242e+00,1.048773143315867660e-03,1.430085304593809170e-01,8.633781090410680426e-01
1.746092184368737810e+00,1.063455167844870207e-03,1.360245553686916797e-01,8.640290540183666046e-01
1.750501002004008155e+00,1.072659011883657799e-03,1.295800602236519827e-01,8.646805481682970917e-01
1.754909819639278723e+00,1.046206077610200430e-03,1.237112864255807132e-01,8.653214770151328450e-01
1.759318637274549291e+00,1.018781061305212496e-03,1.185130543939546255e-01,8.659569690193741343e-01
1.763727454909819858e+00,1.097360944901722320e-03,1.139979356715745823e-01,8.666124702083942699e-01
1.768136272545090426e+00,1.202965205634191166e-03,1.101677076505542668e-01,8.672727221366336448e-01
1.772545090180360994e+00,1.311379444313378294e-03,1.070674018568509994e-01,8.679285884600934642e-01
1.776953907815631561e+00,1.423646992416634748e-03,1.047628537220513106e-01,8.685730835981867459e-01
1.781362725450902129e+00,1.515302550226743997e-03,1.032452408613640515e-01,8.692104017653061732e-01
1.785771543086172697e+00,1.543767986899545735e-03,1.024355974132499375e-01,8.698221230422812367e-01
1.790180360721443042e+00,1.569166035914156942e-03,1.023448037521446918e-01,8.704294620965387086e-01
1.794589178356713610e+00,1.545163665911169527e-03,1.029708520611333916e-01,8.710129700618183257e-01
1.798997995991984178e+00,1.520457866203710770e-03,1.041992672012523047e-01,8.715868397987949212e-01
1.803406813627254746e+00,1.491294281418735100e-03,1.060690334847453065e-01,8.721525563490201138e-01
1.807815631262525313e+00,1.459978457273936612e-03,1.086259625048419386e-01,8.727131742413117843e-01
1.812224448897795881e+00,1.439410160556235099e-03,1.118437420757147222e-01,8.732747962569400446e-01
1.816633266533066449e+00,1.429289736993969362e-03,1.156530754647419890e-01,8.738376605051284551e-01
1.821042084168337016e+00,1.421948126928818720e-03,1.199979833993945616e-01,8.743982651470063594e-01
1.825450901803607362e+00,1.425464177738990611e-03,1.248312046980514095e-01,8.749613496471116969e-01
1.829859719438877930e+00,1.427832274130970934e-03,1.301319012754788285e-01,8.755214743344488237e-01
1.834268537074148497e+00,1.440309151351990913e-03,1.358500212832266518e-01,8.760848504766785005e-01
1.838677354709419065e+00,1.452573633675265227e-03,1.419778965969969720e-01,8.766462440638913556e-01
1.843086172344689633e+00,1.464855855584771801e-03,1.484079460636205661e-01,8.772056842534733390e-01
1.847494989979960200e+00,1.476604678549020642e-03,1.550622251883341796e-01,8.777630251193244693e-01
1.851903807615230768e+00,1.483419918301382995e-03,1.619249796472069236e-01,8.783131898623089961e-01
1.856312625250501336e+00,1.484168449609766420e-03,1.690056845592526336e-01,8.788571274735677008e-01
1.860721442885771904e+00,1.482409146687839246e-03,1.762783967647188754e-01,8.793972859116765406e-01
1.865130260521042249e+00,1.468524961696546314e-03,1.837543724858158867e-01,8.799257610353110604e-01
1.869539078156312817e+00,1.453416782805541001e-03,1.914748725784655992e-01,8.804514561991728661e-01
1.873947895791583385e+00,1.419597237572845384e-03,1.993241031916609951e-01,8.809573931776442102e-01
1.878356713426853952e+00,1.385126433490597997e-03,2.071462004710540039e-01,8.814578663171651618e-01
1.882765531062124520e+00,1.337766903505189500e-03,2.149310207839927600e-01,8.819415734961475462e-01
1.887174348697395088e+00,1.284152779321268752e-03,2.226855571426952507e-01,8.824138018737324174e-01
1.891583166332665655e+00,1.232726003137055463e-03,2.304284395466162649e-01,8.828827540138413088e-01
1.895991983967936223e+00,1.183438282445814331e-03,2.381669994390488154e-01,8.833484731863199269e-01
1.900400801603206569e+00,1.136557037580172109e-03,2.458463036823721193e-01,8.838114032408384002e-01
1.904809619238477136e+00,1.095039950590348966e-03,2.532859827427630939e-01,8.842674915615701403e-01
1.909218436873747704e+00,1.055188449490081747e-03,2.607048732103826039e-01,8.847189560568247124e-01
1.913627254509018272e+00,1.018057049397299131e-03,2.679864313863680181e-01,8.851682136968124226e-01
1.918036072144288839e+00,9.826162392343883341e-04,2.751987353861554131e-01,8.856145360569537273e-01
1.922444889779559407e+00,9.456253674083090312e-04,2.823810411816828903e-01,8.860544239074515938e-01
1.926853707414829975e+00,9.078255312017737737e-04,2.895507041346859212e-01,8.864886854669671301e-01
1.931262525050100543e+00,8.710331540282344014e-04,2.966795961570840579e-01,8.869193637377057460e-01
1.935671342685371110e+00,8.346302077740291522e-04,3.036727235411306181e-01,8.873455502114023785e-01
1.940080160320641456e+00,8.001221044504707412e-04,3.104293190536037694e-01,8.877739360022625092e-01
1.944488977955912024e+00,7.785365340972560336e-04,3.170764498175828172e-01,8.882185354067755334e-01
1.948897795591182591e+00,7.579890819869679244e-04,3.235780362145933009e-01,8.886601072118962552e-01
1.953306613226453159e+00,7.394236026184534136e-04,3.298773528437321523e-01,8.891002735622686171e-01
1.957715430861723727e+00,7.218808956904508925e-04,3.360353334833345307e-01,8.895380419349875334e-01
1.962124248496994294e+00,7.029225074615468808e-04,3.420557069814516571e-01,8.899617183257464426e-01
1.966533066132264862e+00,6.825716990104546428e-04,3.479438580684949822e-01,8.903772627358418346e-01
1.970941883767535430e+00,6.624516376321073693e-04,3.537352059222673706e-01,8.907889805587790866e-01
1.975350701402805775e+00,6.410155986920171734e-04,3.594248693593970478e-01,8.911942592606231228e-01
1.979759519038076343e+00,6.204455512520348640e-04,3.650428515630331772e-01,8.915967759552261285e-01
1.984168336673346911e+00,5.966670646568727901e-04,3.705419167006746561e-01,8.919891858857376121e-01
1.988577154308617478e+00,5.737544737493006355e-04,3.758808236999481855e-01,8.923786603740413437e-01
1.992985971943888046e+00,5.494089350922698196e-04,3.809672055570531568e-01,8.927605561379849952e-01
1.997394789579158614e+00,5.251700561839286454e-04,3.859024605884294190e-01,8.931378806198067011e-01
2.001803607214429181e+00,5.040249955368974371e-04,3.908051830982977592e-01,8.935179416945377984e-01
2.006212424849699527e+00,4.864340201877512086e-04,3.957226837915525097e-01,8.939025240595595001e-01
2.010621242484970317e+00,4.707079589931224394e-04,4.006404018134470668e-01,8.942867710443679341e-01
2.015030060120240663e+00,4.622103925823698323e-04,4.054960652207679206e-01,8.946823838180462118e-01
2.019438877755511008e+00,4.541119081072847799e-04,4.102594534825007022e-01,8.950755426221830291e-01
2.023847695390781798e+00,4.455090068058905066e-04,4.148851726759776870e-01,8.954552892292992894e-01
2.028256513026052144e+00,4.370264374716562581e-04,4.192106252323057336e-01,8.958322559330001988e-01
2.032665330661322933e+00,4.260352507098132168e-04,4.233656531696110559e-01,8.962000322049618051e-01
2.037074148296593279e+00,4.136870356233865497e-04,4.274440965477025456e-01,8.965609588365217597e-01
2.041482965931864069e+00,4.020082206524081057e-04,4.314297010479979377e-01,8.969198436662447760e-01
2.045891783567134414e+00,3.911283844120344577e-04,4.352715521920282882e-01,8.972769990210661684e-01
2.050300601202404760e+00,3.806488413329765720e-04,4.389977504372986061e-01,8.976317511584341879e-01
2.054709418837675550e+00,3.705453025291933849e-04,4.426539018325558739e-01,8.979841517656739214e-01
2.059118236472945895e+00,3.607704251667940274e-04,4.462876823507916368e-01,8.983342577707968957e-01
2.063527054108216685e+00,3.529880712471027701e-04,4.498479404383088354e-01,8.986867838493330929e-01
2.067935871743487031e+00,3.458487243424635590e-04,4.533224906707087887e-01,8.990381902781355850e-01
2.072344689378757820e+00,3.379543269953026990e-04,4.566889207167504905e-01,8.993841521413111773e-01
2.076753507014028166e+00,3.294975392609320714e-04,4.599724465060633372e-01,8.997250890555720249e-01
2.081162324649298956e+00,3.201067877487169121e-04,4.632109049858521566e-01,9.000599354647752515e-01
2.085571142284569301e+00,3.077217413985830464e-04,4.663879238418685014e-01,9.003816812472555942e-01
2.089979959919839647e+00,2.958938227899336054e-04,4.694846672410228905e-01,9.007005533437374423e-01
2.094388777555110437e+00,2.843635596272931160e-04,4.725543516840480240e-01,9.010169536606905671e-01
2.098797595190380783e+00,2.733584874945358084e-04,4.755467293209886814e-01,9.013317485898794112e-01
2.103206412825651572e+00,2.625010367443899196e-04,4.784831008198791591e-01,9.016437679932430838e-01
2.107615230460921918e+00,2.520971647888048438e-04,4.813444175478541198e-01,9.019537909362832506e-01
2.112024048096192708e+00,2.414287297653974914e-04,4.841481748052803291e-01,9.022595294540257660e-01
2.116432865731463053e+00,2.303950266097588764e-04,4.869032176994540495e-01,9.025609231248795661e-01
2.120841683366733843e+00,2.189789487633783162e-04,4.895942836500857265e-01,9.028581242694657671e-01
2.125250501002004189e+00,2.044345851045974779e-04,4.922612370265355142e-01,9.031421431377879561e-01
2.129659318637274534e+00,1.910087439272324769e-04,4.948599203524622903e-01,9.034273030818613659e-01
2.134068136272545324e+00,1.810850296287355732e-04,4.972537451250176321e-01,9.037213237558477941e-01
2.138476953907815670e+00,1.719451723280529857e-04,4.995141957955046563e-01,9.040152987562548592e-01
2.142885771543086459e+00,1.714825737650895127e-04,5.017215288542363760e-01,9.043346697120376865e-01
2.147294589178356805e+00,1.755947006813725960e-04,5.038766173150993621e-01,9.046677958755811044e-01
2.151703406813627595e+00,1.793319091222285563e-04,5.060528581338571419e-01,9.049989133490289328e-01
2.156112224448897940e+00,1.822607144595623466e-04,5.083007824243199746e-01,9.053235424197982883e-01
2.160521042084168730e+00,1.847829484758498964e-04,5.104802192666739735e-01,9.056434440734494329e-01
2.164929859719439076e+00,1.832635444520964952e-04,5.126132553604190178e-01,9.059457203742499187e-01
2.169338677354709422e+00,1.817742145176244194e-04,5.146255377175544821e-01,9.062462676919632587e-01
2.173747494989980211e+00,1.778053983306060579e-04,5.165957779419807494e-01,9.065344770750662917e-01
2.178156312625250557e+00,1.735125828766107621e-04,5.185167977157860708e-01,9.068190964894577988e-01
2.182565130260521347e+00,1.690895769084843701e-04,5.204169382362275886e-01,9.071008822454392773e-01
2.186973947895791692e+00,1.646202446551702338e-04,5.222431145342697478e-01,9.073802239830529581e-01
2.191382765531062482e+00,1.595166494255193380e-04,5.239827292764421829e-01,9.076545994057000355e-01
2.195791583166332828e+00,1.529903086766955429e-04,5.257134412443809079e-01,9.079205218403060274e-01
2.200200400801603173e+00,1.466067275020787057e-04,5.273906798166787535e-01,9.081848499618117021e-01
2.204609218436873963e+00,1.371216416449178119e-04,5.289890269018698854e-01,9.084337934881454579e-01
2.209018036072144309e+00,1.284040340089013935e-04,5.305425026272538869e-01,9.086840449243392959e-01
2.213426853707415098e+00,1.184522028176605309e-04,5.320847780304769348e-01,9.089276199650689891e-01
2.217835671342685444e+00,1.089157248348666983e-04,5.335876873077780580e-01,9.091716879457681921e-01
2.222244488977956234e+00,9.788746494278417645e-05,5.350807596808796474e-01,9.094093364683788483e-01
2.226653306613226579e+00,8.615826715257004218e-05,5.365905465339764202e-01,9.096446082670274214e-01
2.231062124248497369e+00,7.512293320175900840e-05,5.381018890802655719e-01,9.098778428669723750e-01
2.235470941883767715e+00,6.330480661793837921e-05,5.395743419448290057e-01,9.101083190322624139e-01
2.239879759519038060e+00,5.350071917374099888e-05,5.409535249371890675e-01,9.103457115179869330e-01
2.244288577154308850e+00,3.177592066624716457e-05,5.421947827610369419e-01,9.105633911886433784e-01
2.248697394789579196e+00,1.886944376835698677e-05,5.434389540606461289e-01,9.108055021773650006e-01
2.253106212424849986e+00,1.211894605501176530e-05,5.446690116684015370e-01,9.110562906816784823e-01
2.257515030060120331e+00,8.047541650528678710e-06,5.458877472413065091e-01,9.113085890376687592e-01
2.261923847695391121e+00,5.269578287276629130e-06,5.471009348862025945e-01,9.115605081839033286e-01
2.266332665330661467e+00,3.386504686308081078e-06,5.483146790696721284e-01,9.118114936247424529e-01
2.270741482965932256e+00,2.101648855700679423e-06,5.495219041312008335e-01,9.120612812038688677e-01
2.275150300601202602e+00,1.089458339489659661e-06,5.506588901793525448e-01,9.123097457078866990e-01
2.279559118236472948e+00,5.662583138738421335e-07,5.516512291423434355e-01,9.125568669150637691e-01
2.283967935871743737e+00,1.865741661214489408e-07,5.526285585029833136e-01,9.128026159665043604e-01
2.288376753507014083e+00,5.867226727022323674e-08,5.536365844601216502e-01,9.130469975348919354e-01
2.292785571142284873e+00,1.427271451486076108e-08,5.546774946813914919e-01,9.132900103992616092e-01
2.297194388777555218e+00,2.999247631642224777e-09,5.557603124552612517e-01,9.135316607086823026e-01
2.301603206412825564e+00,9.110564898834284691e-10,5.568039438270420138e-01,9.137719582096944793e-01
2.306012024048096354e+00,5.236095414851935176e-10,5.577070453218957446e-01,9.140109168056802513e-01
2.310420841683366699e+00,3.547785553177451613e-10,5.585325845073021434e-01,9.142471372160638765e-01
2.314829659318637489e+00,1.114976938481148358e-09,5.593067093988451921e-01,9.144816440859855344e-01
2.319238476953907835e+00,3.489403382704646644e-09,5.600967362457929255e-01,9.147148594520811971e-01
2.323647294589178625e+00,6.052305735612080033e-09,5.608870116382668192e-01,9.149467929151278156e-01
2.328056112224448970e+00,9.271912362600059712e-09,5.616478879885219433e-01,9.151774666600287489e-01
2.332464929859719316e+00,8.348779196060921198e-09,5.623879835040971331e-01,9.154068888246710278e-01
2.336873747494990106e+00,4.956301029869600120e-09,5.631301829740811282e-01,9.156350623155513624e-01
2.341282565130260451e+00,2.858491591344358716e-09,5.638806259356844430e-01,9.158619932515456030e-01
2.345691382765531241e+00,1.532175695158284453e-09,5.646135679734466395e-01,9.160876941810190965e-01
2.350100200400801587e+00,8.381624441839622987e-10,5.652903857571052182e-01,9.163121746862862294e-01
2.354509018036072376e+00,9.952630864138455633e-10,5.659516710226477620e-01,9.165354424303390202e-01
2.358917835671342722e+00,1.181422825123915493e-09,5.666155903258968118e-01,9.167575093224756833e-01
2.363326653306613512e+00,1.446501440366701907e-09,5.672739379369959867e-01,9.169783853408246532e-01
2.367735470941883857e+00,1.787884007832709773e-09,5.678992253786486755e-01,9.171980803887808120e-01
2.372144288577154203e+00,1.739592173175430500e-09,5.684966345037364421e-01,9.174166137921145880e-01
2.376553106212424993e+00,1.316669235177193014e-09,5.690884263335953541e-01,9.176339946554427085e-01
2.380961923847695338e+00,1.047630264750608635e-09,5.696848451040779082e-01,9.178502193884974236e-01
2.385370741482966128e+00,9.932397969901311979e-10,5.702699150229817437e-01,9.180652985073833872e-01
2.389779559118236474e+00,9.418980698983853174e-10,5.708186663304597452e-01,9.182792432806573535e-01
2.394188376753507264e+00,9.863781213043527358e-10,5.713590135148298721e-01,9.184887915422214055e-01
2.398597194388777609e+00,1.038309858940339141e-09,5.719147175463745736e-01,9.186936285505250543e-01
2.403006012024048399e+00,1.258726036880497177e-09,5.723569417605043341e-01,9.188974106962770616e-01
2.407414829659318745e+00,1.628686231216898326e-09,5.727234040438722307e-01,9.191001418554519686e-01
2.411823647294589090e+00,2.069835781921021278e-09,5.730689281123945156e-01,9.193018359665265926e-01
2.416232464929859880e+00,2.565611923625229118e-09,5.734157246010320730e-01,9.195025110522695444e-01
2.420641282565130226e+00,3.149636245369401507e-09,5.737771488930203390e-01,9.197021658013744272e-01
2.425050100200401015e+00,3.665667354191596515e-09,5.741312961796199987e-01,9.199008014097096453e-01
2.429458917835671361e+00,4.264162349408602890e-09,5.744469660587391280e-01,9.200984302066335108e-01
2.433867735470942151e+00,5.622892835048389365e-09,5.747553349698264480e-01,9.202950561697704757e-01
2.438276553106212496e+00,7.538986267618265743e-09,5.750105819119963879e-01,9.204906861572562660e-01
2.442685370741483286e+00,1.014023745948814269e-08,5.752399616265332360e-01,9.206853313843766928e-01
2.447094188376753632e+00,1.366271454229935264e-08,5.754412354470247459e-01,9.208789974465270145e-01
2.451503006012023977e+00,1.847711732766341441e-08,5.756229629001994308e-01,9.210716900503891358e-01
2.455911823647294767e+00,2.518772161122194004e-08,5.758285387229107322e-01,9.212634238389646457e-01
2.460320641282565113e+00,3.405153092584301208e-08,5.760816311791385758e-01,9.214542194626063054e-01
2.464729458917835903e+00,4.187849321166622241e-08,5.763165967010007718e-01,9.216440632866590432e-01
2.469138276553106248e+00,5.147556228560007753e-08,5.765081468166614043e-01,9.218329639851955415e-01
2.473547094188377038e+00,6.602311350926854862e-08,5.766405971489197979e-01,9.220209311127499641e-01
2.477955911823647384e+00,8.550811238832755830e-08,5.767650970157069956e-01,9.222079676768624168e-01
2.482364729458917729e+00,1.036979499265092614e-07,5.769119102703568203e-01,9.223940807893773464e-01
2.486773547094188519e+00,1.188356886402613515e-07,5.770877598731302127e-01,9.225770620246125375e-01
2.491182364729458865e+00,1.376083112048044540e-07,5.773498706850629381e-01,9.227580822572535313e-01
2.495591182364729654e+00,1.640369056640038193e-07,5.777916402684191155e-01,9.229382250892106399e-01
2.500000000000000000e+00,1.954393263227701353e-07,5.781996510281994794e-01,9.231175079047496679e-01
